1  252.8232  252.8232
2  252.8232  505.6464
3  248.1570  753.8034
4  248.1570  1001.9604
5  204.0402  1206.0006
6  204.0402  1410.0408
7  195.5562  1605.5970
8  195.5562  1801.1532
9  184.9512  1986.1044
10  184.9512  2171.0556
11  174.7704  2345.8260
12  174.7704  2520.5964
13  162.4686  2683.0650
14  162.4686  2845.5336
15  149.3184  2994.8520
16  149.3184  3144.1704
17  143.3796  3287.5500
18  143.3796  3430.9296
19  138.2892  3569.2188
20  138.2892  3707.5080
21  137.4408  3844.9488
22  137.4408  3982.3896
23  135.3198  4117.7094
24  135.3198  4253.0292
25  116.6550  4369.6842
26  116.6550  4486.3392
27  108.5952  4594.9344
28  108.5952  4703.5296
29  102.6564  4806.1860
30  102.6564  4908.8424
31  90.7788  4999.6212
32  90.7788  5090.4000
33  80.1738  5170.5738
34  80.1738  5250.7476
35  77.6286  5328.3762
36  77.6286  5406.0048
37  65.3268  5471.3316
38  65.3268  5536.6584
39  63.6300  5600.2884
40  63.6300  5663.9184
41  47.9346  5711.8530
42  47.9346  5759.7876
43  50.4798  5810.2674
44  50.4798  5860.7472
45  58.9638  5919.7110
46  158.2266  6077.9376